0004
0009
0021
0030
0044
0048
0054
0068
0075
0079
0084
0093
0103
0111
0121
0126
0134
0138
0142
0151
0158
0164
0172
0174
0191
0198
0208
0210
0211
0215
0217
0221
0226
0228
0232
0242
0249
0267
0276
0278
0279
0285
0288
0292
0299
0302
0307
0314
0321
0326
0330
0337
0345
0353
0360
0380
0384
0388
0390
0391
0395
0398
0402
0410
0413
0416
0420
0430
0450
0451
0457
0459
0466
0469
0477
0481
0483
0487
0494
0509
0515
0522
0542
0550
0553
0556
0561
0565
0569
0573
0587
0590
0598
0604
0606
0609
0619
0621
0624
0627
0636
0647
0653
0658
0660
0667
0673
0674
0678
0690
0699
0704
0711
0723
0730
0734
0735
0738
0741
0749
0756
0761
0764
0776
0785
0791
0809
0819
0848
0852
0873
0875
0882
0884
0888
0890
0895
0899
0908
0914
0924
0927
0931
0934
0945
0947
0956
0960
0962
0965
0967
0975
0976
0978
0986
1002
1019
1029
1033
1038
1051
1076
1079
1081
1084
1095
1108
1117
1122
1125
1130
1139
1145
1148
1154
1161
1175
1179
1196
1197
1207
1210
1212
1226
1228
1235
